    1   -2    5
   -5   -2   -1
    5   -2    2
   -7  -15   -9
   13   11   16
   -0   11   -3
   -6   -2   -2
   -7   -2  -11
   -8   -2  -10
   -6   -2   -8
   -1   11   -8
   -0   -2    1
   -1   -2   -1
   31   24   29
   -9   -2   -6
    4   11    9
   -9  -15   -3
  -10   -2  -11
    8   11   13
   13   11   21
   -3   -2   -7
   -1  -15   -7
   -5   -2   -8
   -0   11   -6
   24   -2   19
  -11   -2   -7
   -7   -2   10
    7   -2   10
    3   -2   11
    8   -2   -3
   -2  -15    1
  -13  -29  -14
    0   11   -2
   14   -2   19
   -2   11   -4
   -7   -2   -7
  -10   -2   -9
    2   11    0
   28   11   17
    2   11   -4
   -4  -15    2
    3   -2   -1
    7   11   -2
  -10   -2   -3
  -14  -15  -13
   -2   11   -3
  -10   -2   -8